Iteration	CPUTime	PhysTime	Travels	Value	AvValue	MinValue	MaxValue	Delta	Criteria	Progress	dGMaxMin	CriteriaType	CriteriaVarType	CriteriaPercentage
1	2	0	0.0145668715	300.000016	300.000016	300.000016	300.000016	0	0	0	0.0727692	0	0	3
2	2	0	0.0291337431	300.000018	300.000017	300.000016	300.000018	1.00511596e-006	0	0	0.0713059	0	0	3
3	3	0	0.0437006146	300.000019	300.000018	300.000016	300.000019	1.57826128e-006	0	0	0.0672954	0	0	3
4	3	0	0.0582674861	300.000019	300.000018	300.000016	300.000019	1.98980092e-006	0	0	0.0640297	0	0	3
5	4	0	0.0728343577	300.00002	300.000018	300.000016	300.00002	2.33436191e-006	0	0	0.0602311	0	0	3
6	4	0	0.0874012292	300.00002	300.000019	300.000016	300.00002	2.67577684e-006	0	0	0.0564404	0	0	3
7	5	0	0.101968101	300.000021	300.000019	300.000016	300.000021	3.02361451e-006	0	0	0.0517653	0	0	3
8	5	0	0.116534972	300.000022	300.000019	300.000016	300.000022	3.3552767e-006	0	0	0.0484128	0	0	3
9	6	0	0.131101844	300.000022	300.00002	300.000016	300.000022	3.6707782e-006	0	0	0.0445688	0	0	3
10	6	0	0.145668715	300.000023	300.00002	300.000016	300.000023	3.96572358e-006	0	0	0.0417054	0	0	3
11	7	0	0.160235587	300.000023	300.00002	300.000016	300.000023	4.26061717e-006	0	0	0.0370995	0	0	3
12	7	0	0.174802458	300.000024	300.000021	300.000016	300.000024	4.54950242e-006	0	0	0.0336949	0	0	3
13	8	0	0.18936933	300.000024	300.000021	300.000016	300.000024	4.82233179e-006	0	0	0.0304915	0	0	3
14	8	0	0.203936202	300.000024	300.000021	300.000016	300.000024	5.07883794e-006	0	0	0.0281091	0	0	3
15	8	0	0.218503073	300.000025	300.000021	300.000016	300.000025	5.31816164e-006	0	0	0.0258844	0	0	3
16	9	0	0.233069945	300.000025	300.000022	300.000016	300.000025	5.55029902e-006	0	0	0.0237248	0	0	3
17	9	0	0.247636816	300.000025	300.000022	300.000016	300.000025	5.77132363e-006	0	0	0.0231498	0	0	3
18	10	0	0.262203688	300.000026	300.000022	300.000016	300.000026	5.98226455e-006	0	0	0.0231998	0	0	3
19	10	0	0.276770559	300.000026	300.000022	300.000016	300.000026	6.18208009e-006	0	0	0.0231034	0	0	3
20	11	0	0.291337431	300.000026	300.000022	300.000016	300.000026	6.37138379e-006	0	0	0.0230961	0	0	3
21	11	0	0.305904302	300.000026	300.000023	300.000016	300.000026	6.55454875e-006	0	0	0.0229653	0	0	3
22	12	0	0.320471174	300.000027	300.000023	300.000016	300.000027	6.73314662e-006	0	0	0.0228866	0	0	3
23	13	0	0.335038045	300.000027	300.000023	300.000016	300.000027	6.90860088e-006	0	0	0.0227144	0	0	3
24	13	0	0.349604917	300.000027	300.000023	300.000016	300.000027	7.08026414e-006	0	0	0.022517	0	0	3
25	14	0	0.364171788	300.000027	300.000023	300.000016	300.000027	7.24973034e-006	0	0	0.022087	0	0	3
26	15	0	0.37873866	300.000028	300.000023	300.000016	300.000028	7.42049212e-006	0	0	0.0221678	0	0	3
27	16	0	0.393305531	300.000028	300.000024	300.000016	300.000028	7.59141767e-006	0	0	0.0217238	0	0	3
28	16	0	0.407872403	300.000028	300.000024	300.000016	300.000028	7.76231747e-006	0	0	0.0219192	0	0	3
29	17	0	0.422439275	300.000029	300.000024	300.000016	300.000029	7.93142971e-006	0	0	0.0215286	0	0	3
30	18	0	0.437006146	300.000029	300.000024	300.000016	300.000029	8.09980276e-006	0	0	0.0217175	0	0	3
31	18	0	0.451573018	300.000029	300.000024	300.000016	300.000029	8.27179662e-006	0	0	0.0213348	0	0	3
32	19	0	0.466139889	300.00003	300.000024	300.000016	300.00003	8.44689481e-006	0	0	0.021513	0	0	3
33	20	0	0.480706761	300.00003	300.000025	300.000016	300.00003	8.62337453e-006	0	0	0.0211201	0	0	3
34	20	0	0.495273632	300.000031	300.000025	300.000016	300.000031	8.79968314e-006	0	0	0.0213335	0	0	3
35	21	0	0.509840504	300.000031	300.000025	300.000016	300.000031	8.97579434e-006	0	0	0.0209614	0	0	3
36	22	0	0.524407375	300.000031	300.000025	300.000018	300.000031	8.41052008e-006	0	0	0.0211405	0	0	3
37	23	0	0.538974247	300.000032	300.000026	300.000019	300.000032	8.2317855e-006	0	0	0.0207508	0	0	3
38	23	0	0.553541118	300.000032	300.000026	300.000019	300.000032	8.20166571e-006	0	0	0.0209769	0	0	3
39	24	0	0.56810799	300.000032	300.000027	300.00002	300.000032	8.22858624e-006	0	0	0.0206153	0	0	3
40	25	0	0.582674861	300.000032	300.000027	300.00002	300.000032	8.24740113e-006	0	0	0.0208118	0	0	3
41	26	0	0.597241733	300.000033	300.000027	300.000021	300.000033	8.24523568e-006	0	0	0.0204746	0	0	3
42	26	0	0.611808605	300.000033	300.000028	300.000022	300.000033	8.2440547e-006	0	0	0.0206631	0	0	3
43	27	0	0.626375476	300.000033	300.000028	300.000022	300.000033	8.2462825e-006	0	0	0.0203326	0	0	3
44	28	0	0.640942348	300.000033	300.000028	300.000023	300.000033	8.25582651e-006	0	0	0.0205648	0	0	3
45	29	0	0.655509219	300.000033	300.000029	300.000023	300.000033	8.25614148e-006	0	0	0.0202652	0	0	3
46	29	0	0.670076091	300.000033	300.000029	300.000024	300.000033	8.24801396e-006	0	0	0.0204937	0	0	3
47	30	0	0.684642962	300.000033	300.000029	300.000024	300.000033	8.24382624e-006	0	0	0.0201941	0	0	3
48	31	0	0.699209834	300.000033	300.000029	300.000024	300.000033	8.25014706e-006	0	0	0.0204435	0	0	3
49	32	0	0.713776705	300.000033	300.00003	300.000025	300.000033	8.26701933e-006	0	0	0.020149	0	0	3
50	32	0	0.728343577	300.000034	300.00003	300.000025	300.000034	8.28966722e-006	0	0	0.0203994	0	0	3
51	33	0	0.742910448	300.000034	300.00003	300.000025	300.000034	8.31834728e-006	0	0	0.0201511	0	0	3
52	34	0	0.75747732	300.000034	300.00003	300.000026	300.000034	8.354572e-006	0	0	0.02041	0	0	3
53	35	0	0.772044191	300.000034	300.000031	300.000026	300.000034	8.33146544e-006	0	0	0.0201496	0	0	3
54	35	0	0.786611063	300.000034	300.000031	300.000026	300.000034	8.35695482e-006	0	0	0.02038	0	0	3
55	36	0	0.801177934	300.000035	300.000031	300.000026	300.000035	8.25712385e-006	0	0	0.0201066	0	0	3
56	37	0	0.815744806	300.000035	300.000031	300.000027	300.000035	8.20775034e-006	0	0	0.0203294	0	0	3
57	37	0	0.830311678	300.000035	300.000032	300.000027	300.000035	8.13061467e-006	0	0	0.0200259	0	0	3
58	38	0	0.844878549	300.000035	300.000032	300.000027	300.000035	8.07979706e-006	0	0	0.0202333	0	0	3
59	38	0	0.859445421	300.000035	300.000032	300.000027	300.000035	8.0046774e-006	0	0	0.0199707	0	0	3
60	39	0	0.874012292	300.000036	300.000032	300.000028	300.000036	7.84997553e-006	0	0	0.0202194	0	0	3
61	40	0	0.888579164	300.000036	300.000033	300.000028	300.000036	7.71040391e-006	0	0	0.0199627	0	0	3
62	40	0	0.903146035	300.000036	300.000033	300.000028	300.000036	7.565722e-006	0	0	0.0201952	0	0	3
63	41	0	0.917712907	300.000036	300.000033	300.000029	300.000036	7.47357768e-006	0	0	0.0199467	0	0	3
64	41	0	0.932279778	300.000036	300.000033	300.000029	300.000036	7.33049899e-006	0	0	0.0201696	0	0	3
65	42	0	0.94684665	300.000037	300.000033	300.000029	300.000037	7.09035936e-006	0	0	0.0199122	0	0	3
66	43	0	0.961413521	300.000037	300.000034	300.00003	300.000037	6.83287396e-006	0	0	0.0201499	0	0	3
67	43	0	0.975980393	300.000037	300.000034	300.00003	300.000037	6.64134274e-006	0	0	0.019912	0	0	3
68	44	0	0.990547264	300.000037	300.000034	300.000031	300.000037	6.52651613e-006	0	0	0.0201384	0	0	3
69	45	0	1.00511414	300.000037	300.000034	300.000031	300.000037	6.40789841e-006	3.00000037e-006	46.8	0.0198763	0	0	3
70	45	0	1.01968101	300.000038	300.000034	300.000031	300.000038	6.26003725e-006	3.00000038e-006	47.9	0.0200985	0	0	3
71	46	0	1.03424788	300.000038	300.000035	300.000032	300.000038	6.11874566e-006	3.00000038e-006	49	0.0198631	0	0	3
72	46	0	1.04881475	300.000038	300.000035	300.000032	300.000038	6.16453974e-006	3.00000038e-006	48.6	0.0201134	0	0	3
73	47	0	1.06338162	300.000039	300.000035	300.000032	300.000039	6.30890275e-006	3.00000039e-006	47.5	0.0198771	0	0	3
74	48	0	1.07794849	300.000039	300.000035	300.000032	300.000039	6.47761021e-006	3.00000039e-006	46.3	0.0201279	0	0	3
75	48	0	1.09251537	300.000039	300.000035	300.000033	300.000039	6.59860723e-006	3.00000039e-006	45.4	0.0198713	0	0	3
76	49	0	1.10708224	300.000039	300.000036	300.000033	300.000039	6.62379432e-006	3.00000039e-006	45.2	0.0201235	0	0	3
77	49	0	1.12164911	300.00004	300.000036	300.000033	300.00004	6.72855782e-006	3.0000004e-006	44.5	0.0198795	0	0	3
78	50	0	1.13621598	300.00004	300.000036	300.000033	300.00004	6.83502788e-006	3.0000004e-006	43.8	0.0201378	0	0	3
79	51	0	1.15078285	300.00004	300.000036	300.000033	300.00004	6.90789852e-006	3.0000004e-006	43.4	0.0198941	0	0	3
80	51	0	1.16534972	300.00004	300.000036	300.000033	300.00004	6.94802679e-006	3.0000004e-006	43.1	0.0201602	0	0	3
81	52	0	1.17991659	300.00004	300.000037	300.000033	300.00004	6.96596743e-006	3.0000004e-006	43	0.019914	0	0	3
82	53	0	1.19448347	300.00004	300.000037	300.000033	300.00004	6.88522118e-006	3.0000004e-006	43.5	0.0201802	0	0	3
83	53	0	1.20905034	300.00004	300.000037	300.000033	300.00004	6.86774564e-006	3.0000004e-006	43.6	0.019931	0	0	3
84	54	0	1.22361721	300.00004	300.000037	300.000034	300.00004	6.71515932e-006	3.0000004e-006	44.6	0.0201985	0	0	3
85	55	0	1.23818408	300.00004	300.000037	300.000034	300.00004	6.5852791e-006	3.0000004e-006	45.5	0.0199393	0	0	3
86	55	0	1.25275095	300.00004	300.000038	300.000034	300.00004	6.43527807e-006	3.0000004e-006	46.6	0.0202178	0	0	3
87	56	0	1.26731782	300.00004	300.000038	300.000034	300.00004	6.32411638e-006	3.0000004e-006	47.4	0.0199668	0	0	3
88	57	0	1.2818847	300.00004	300.000038	300.000034	300.00004	6.1239536e-006	3.0000004e-006	48.9	0.0202496	0	0	3
89	57	0	1.29645157	300.000041	300.000038	300.000035	300.000041	5.98550116e-006	3.00000041e-006	50.1	0.0199791	0	0	3
90	58	0	1.31101844	300.000041	300.000038	300.000035	300.000041	5.78358674e-006	3.00000041e-006	51.8	0.0202467	0	0	3
91	59	0	1.32558531	300.000041	300.000038	300.000035	300.000041	5.57582979e-006	3.00000041e-006	53.8	0.019969	0	0	3
92	59	0	1.34015218	300.000041	300.000039	300.000035	300.000041	5.36975131e-006	3.00000041e-006	55.8	0.020233	0	0	3
93	60	0	1.35471905	300.000041	300.000039	300.000035	300.000041	5.16286707e-006	3.00000041e-006	58.1	0.0199631	0	0	3
94	60	0	1.36928592	300.000041	300.000039	300.000036	300.000041	4.96373366e-006	3.00000041e-006	60.4	0.0202347	0	0	3
95	61	0	1.3838528	300.000041	300.000039	300.000036	300.000041	4.76384008e-006	3.00000041e-006	62.9	0.0199737	0	0	3
96	61	0	1.39841967	300.000041	300.000039	300.000036	300.000041	4.583916e-006	3.00000041e-006	65.4	0.020253	0	0	3
97	62	0	1.41298654	300.000041	300.000039	300.000036	300.000041	4.3892058e-006	3.00000041e-006	68.3	0.0199971	0	0	3
98	63	0	1.42755341	300.000041	300.000039	300.000036	300.000041	4.23592678e-006	3.00000041e-006	70.8	0.0202711	0	0	3
99	63	0	1.44212028	300.000041	300.00004	300.000037	300.000041	4.02707428e-006	3.00000041e-006	74.4	0.0200149	0	0	3
100	64	0	1.45668715	300.000041	300.00004	300.000037	300.000041	3.85919935e-006	3.00000041e-006	77.7	0.0202747	0	0	3
101	65	0	1.47125403	300.000041	300.00004	300.000037	300.000041	3.65494435e-006	3.00000041e-006	82	0.0200222	0	0	3
102	65	0	1.4858209	300.000041	300.00004	300.000037	300.000041	3.43184979e-006	3.00000041e-006	87.4	0.0202668	0	0	3
103	66	0	1.50038777	300.000041	300.00004	300.000037	300.000041	3.20475846e-006	3.00000041e-006	93.6	0.0200091	0	0	3
104	67	0	1.51495464	300.000041	300.00004	300.000038	300.000041	2.92624139e-006	3.00000041e-006	100	0.0202726	0	0	3
105	68	0	1.52952151	300.000041	300.00004	300.000038	300.000041	2.64901814e-006	3.00000041e-006	100	0.0200204	0	0	3
106	68	0	1.54408838	300.000041	300.00004	300.000038	300.000041	2.35210445e-006	3.00000041e-006	100	0.0202857	0	0	3
107	69	0	1.55865525	300.000041	300.00004	300.000039	300.000041	2.06009202e-006	3.00000041e-006	100	0.0200303	0	0	3
108	70	0	1.57322213	300.000041	300.00004	300.000039	300.000041	1.79970402e-006	3.00000041e-006	100	0.0202912	0	0	3
109	70	0	1.587789	300.000041	300.00004	300.000039	300.000041	1.5213426e-006	3.00000041e-006	100	0.0200361	0	0	3
110	71	0	1.60235587	300.000041	300.00004	300.000039	300.000041	1.3000535e-006	3.00000041e-006	100	0.0202943	0	0	3
111	71	0	1.61692274	300.000041	300.00004	300.00004	300.000041	1.08078052e-006	3.00000041e-006	100	0.0200438	0	0	3
112	72	0	1.63148961	300.000041	300.00004	300.00004	300.000041	9.1983145e-007	3.00000041e-006	100	0.0202925	0	0	3
113	73	0	1.64605648	300.000041	300.000041	300.00004	300.000041	7.46345279e-007	3.00000041e-006	100	0.0200401	0	0	3
114	74	0	1.66062336	300.000041	300.000041	300.00004	300.000041	6.24241579e-007	3.00000041e-006	100	0.020303	0	0	3
115	74	0	1.67519023	300.000041	300.000041	300.00004	300.000041	5.12678355e-007	3.00000041e-006	100	0.0200453	0	0	3
116	75	0	1.6897571	300.000041	300.000041	300.00004	300.000041	4.27891962e-007	3.00000041e-006	100	0.020297	0	0	3
117	75	0	1.70432397	300.000041	300.000041	300.00004	300.000041	3.60322815e-007	3.00000041e-006	100	0.0200479	0	0	3
